output.asc
NCOLS          201       
NROWS          201       
XLLCENTER      -100.00   
YLLCENTER      -100.00   
DX             1.00      
DY             1.00      
NODATA_VALUE   -999.00   
[rows 0 to 32 of 201, columns 0 to 72 of 201]
169.55 175.33 181.14 186.99 192.86 198.75 204.65 210.53 216.41 222.36 228.36 234.34 240.24 245.99 251.52 256.77 261.65 265.71 268.69 270.59 271.43 271.25 270.13 268.14 265.38 261.92 258.43 255.85 254.11 252.42 250.67 248.90 247.16 245.48 243.92 242.50 241.16 239.89 238.59 237.14 235.36 232.99 229.71 225.16 218.97 210.90 200.79 188.65 174.68 159.28 142.95 126.06 108.92 91.79 74.87 58.29 42.18 26.63 11.70 -2.42 -15.39 -27.01 -36.97 -44.81 -49.80 -50.93 -47.26 -38.67 -26.18 -11.32 4.74 21.12 37.08
169.51 175.09 180.72 186.41 192.15 197.94 203.75 209.64 215.68 221.83 228.04 234.26 240.41 246.41 252.18 257.63 262.66 266.78 269.73 271.51 272.16 271.72 270.28 267.95 264.82 261.00 257.43 254.82 252.92 251.00 249.06 247.16 245.35 243.68 242.17 240.81 239.63 238.66 237.82 237.01 236.04 234.61 232.33 228.78 223.42 215.81 205.70 193.11 178.36 162.05 144.73 126.89 108.89 91.02 73.47 56.37 39.80 23.81 8.48 -5.90 -19.24 -31.44 -42.27 -51.32 -57.74 -59.97 -55.94 -45.13 -29.58 -11.76 6.84 25.30 43.01
168.66 174.02 179.46 184.97 190.57 196.23 202.03 208.05 214.26 220.61 227.05 233.52 239.94 246.23 252.27 257.97 263.18 267.38 270.31 271.97 272.39 271.63 269.82 267.07 263.51 259.32 255.61 252.88 250.71 248.50 246.31 244.22 242.27 240.53 239.02 237.76 236.78 236.11 235.72 235.58 235.53 235.31 234.46 232.31 228.12 221.19 211.11 197.91 182.19 164.74 146.26 127.38 108.54 90.00 71.95 54.47 37.62 21.42 6.06 -8.33 -21.75 -34.21 -45.66 -55.86 -64.23 -68.90 -65.01 -50.49 -30.79 -9.66 11.49 31.89 50.77
167.00 172.12 177.34 182.67 188.09 193.71 199.61 205.76 212.12 218.67 225.34 232.08 238.80 245.41 251.77 257.76 263.21 267.53 270.47 271.98 272.11 270.98 268.71 265.48 261.43 256.83 252.89 249.98 247.42 244.86 242.37 240.01 237.85 235.93 234.31 233.04 232.19 231.81 231.91 232.54 233.60 234.84 235.74 235.48 232.96 227.02 216.97 202.91 185.85 166.92 147.12 127.16 107.52 88.45 70.09 52.47 35.59 19.52 4.47 -9.58 -22.70 -34.94 -46.35 -56.96 -66.74 -75.29 -73.95 -51.93 -27.92 -4.01 19.17 40.90 60.70
164.53 169.40 174.38 179.49 184.82 190.48 196.45 202.71 209.22 215.95 222.86 229.87 236.92 243.88 250.62 256.98 262.73 267.25 270.21 271.55 271.34 269.73 266.92 263.12 258.51 253.46 249.22 246.03 243.04 240.08 237.21 234.51 232.03 229.82 227.95 226.53 225.64 225.43 226.03 227.47 229.71 232.53 235.52 237.75 237.65 233.27 223.21 207.80 188.77 167.95 146.66 125.68 105.43 86.08 67.68 50.20 33.61 18.10 3.70 -9.64 -21.99 -33.39 -43.88 -53.44 -61.92 -68.29 -64.45 -43.71 -19.17 5.72 29.76 52.35 72.86
161.28 165.85 170.57 175.53 180.85 186.52 192.53 198.87 205.50 212.40 219.52 226.81 234.19 241.55 248.74 255.55 261.73 266.53 269.56 270.70 270.05 267.85 264.38 259.92 254.68 249.15 244.55 241.00 237.53 234.12 230.82 227.70 224.79 222.16 219.91 218.17 217.14 216.96 217.78 219.74 222.94 227.35 232.69 238.09 241.63 239.86 229.67 211.83 189.90 166.80 144.07 122.34 101.83 82.57 64.50 47.52 31.65 17.05 3.66 -8.59 -19.72 -29.71 -38.47 -45.73 -50.76 -51.64 -44.43 -27.69 -5.39 18.69 42.81 65.93 87.07
157.23 161.49 165.99 170.88 176.15 181.80 187.82 194.19 200.91 207.94 215.26 222.81 230.52 238.29 245.99 253.37 260.11 265.38 268.54 269.43 268.18 265.22 260.97 255.76 249.86 243.82 238.84 234.84 230.88 226.99 223.21 219.58 216.15 212.99 210.25 208.12 206.73 206.25 206.89 208.88 212.49 217.95 225.39 234.43 243.32 246.61 235.79 213.21 187.31 161.99 138.31 116.44 96.28 77.64 60.37 44.31 29.62 16.27 4.20 -6.63 -16.19 -24.38 -30.97 -35.52 -37.14 -34.37 -25.45 -9.94 10.37 33.30 57.22 80.83 102.80
152.41 156.38 160.75 165.53 170.71 176.30 182.28 188.66 195.41 202.53 209.98 217.74 225.75 233.93 242.16 250.22 257.74 263.73 267.19 267.70 265.61 261.66 256.49 250.49 243.91 237.36 232.04 227.55 223.10 218.71 214.42 210.22 206.19 202.48 199.21 196.49 194.46 193.29 193.23 194.57 197.71 203.14 211.37 222.89 237.73 252.22 238.39 207.25 177.93 151.74 128.41 107.47 88.49 71.15 55.20 40.60 27.44 15.65 5.16 -4.01 -11.78 -18.00 -22.36 -24.38 -23.30 -18.16 -8.11 6.75 25.77 47.73 71.43 95.72 119.07
146.86 150.64 154.85 159.48 164.53 170.01 175.91 182.23 188.96 196.10 203.62 211.51 219.73 228.24 236.96 245.74 254.25 261.42 265.53 265.40 261.99 256.80 250.66 243.90 236.71 229.71 224.08 219.13 214.21 209.34 204.49 199.72 195.16 190.88 186.95 183.45 180.50 178.24 176.92 176.84 178.42 182.23 188.95 199.34 213.85 229.76 216.42 186.14 158.74 134.84 113.88 95.24 78.44 63.12 49.06 36.39 25.10 15.11 6.41 -0.95 -6.85 -11.10 -13.39 -13.27 -10.18 -3.46 7.07 21.40 39.35 60.35 83.66 108.62 134.02
140.72 144.29 148.29 152.73 157.60 162.92 168.69 174.89 181.53 188.60 196.10 204.01 212.31 221.00 230.04 239.36 248.85 257.79 263.58 261.94 256.52 250.07 243.11 235.78 228.13 220.79 214.93 209.59 204.26 198.92 193.58 188.36 183.30 178.40 173.71 169.28 165.16 161.49 158.41 156.17 155.11 155.68 158.43 163.78 170.95 175.17 167.39 149.59 129.98 111.68 95.15 80.19 66.49 53.84 42.22 31.84 22.65 14.65 7.86 2.38 -1.67 -4.06 -4.53 -2.69 1.89 9.42 19.92 33.54 50.25 69.85 92.07 116.83 143.99
134.01 137.33 141.08 145.29 149.94 155.05 160.62 166.64 173.11 180.03 187.39 195.18 203.40 212.03 221.06 230.48 240.26 250.17 259.29 254.47 247.80 240.82 233.54 225.98 218.13 210.61 204.63 199.00 193.33 187.62 181.96 176.36 170.80 165.28 159.79 154.33 148.93 143.62 138.45 133.54 129.04 125.19 122.33 120.73 120.14 118.88 114.26 105.82 95.39 84.44 73.67 63.30 53.36 43.85 35.06 27.19 20.26 14.34 9.51 5.88 3.61 2.90 4.00 7.21 12.73 20.44 30.52 43.09 58.14 75.56 95.30 117.63 143.16
126.76 129.78 133.26 137.18 141.57 146.43 151.74 157.52 163.74 170.41 177.52 185.06 193.01 201.35 210.02 218.94 227.93 236.26 241.34 240.15 235.19 228.90 221.97 214.58 206.81 199.31 193.32 187.52 181.63 175.74 169.85 163.91 157.90 151.79 145.53 139.07 132.37 125.38 118.03 110.27 102.04 93.30 84.14 75.00 67.13 62.53 61.31 60.92 59.31 56.06 51.45 45.98 40.03 33.89 28.06 22.76 18.14 14.31 11.39 9.55 8.93 9.72 12.14 16.39 22.28 29.83 39.17 50.32 63.22 77.63 93.33 110.33 128.59
119.03 121.82 125.08 128.79 132.96 137.58 142.64 148.15 154.10 160.47 167.23 174.36 181.83 189.58 197.51 205.46 213.08 219.57 223.23 223.12 219.91 214.83 208.67 201.78 194.34 187.04 181.16 175.34 169.46 163.53 157.49 151.31 144.94 138.31 131.35 123.98 116.10 107.57 98.24 87.87 76.21 62.93 47.75 30.85 14.56 6.37 10.64 19.06 25.73 29.47 30.62 29.78 27.59 24.72 21.75 18.95 16.55 14.72 13.63 13.44 14.32 16.44 19.97 24.82 30.77 37.94 46.32 55.84 66.29 77.17 87.87 97.80 105.87
111.36 113.93 116.95 120.41 124.32 128.69 133.50 138.73 144.37 150.40 156.78 163.45 170.37 177.44 184.51 191.37 197.66 202.80 205.69 205.86 203.57 199.46 194.10 187.87 180.91 173.95 168.29 162.67 156.94 151.05 144.98 138.67 132.05 125.05 117.57 109.49 100.68 90.94 80.04 67.70 53.49 36.92 17.35 -5.86 -32.42 -49.10 -32.32 -14.78 -1.66 7.33 12.96 15.98 17.04 17.07 16.66 16.13 15.76 15.77 16.35 17.67 19.89 23.16 27.53 32.65 38.53 45.20 52.57 60.46 68.48 75.92 81.75 84.80 83.39
103.83 106.15 108.91 112.12 115.78 119.87 124.38 129.29 134.58 140.21 146.14 152.31 158.63 165.01 171.26 177.17 182.43 186.63 189.04 189.29 187.50 184.00 179.18 173.35 166.74 160.08 154.81 149.52 144.03 138.31 132.33 126.02 119.32 112.14 104.36 95.85 86.45 75.96 64.13 50.66 35.16 17.19 -3.75 -28.07 -54.99 -70.97 -54.43 -35.60 -20.36 -8.83 -0.52 5.15 8.79 11.19 12.92 14.35 15.79 17.47 19.57 22.27 25.70 29.98 34.85 40.14 45.88 52.05 58.51 64.98 71.00 75.66 77.78 75.81 67.76
96.50 98.57 101.08 104.02 107.38 111.15 115.33 119.88 124.78 129.98 135.43 141.07 146.79 152.47 157.97 163.07 167.52 171.05 173.17 173.43 171.89 168.78 164.38 158.91 152.59 146.20 141.14 136.07 130.88 125.45 119.70 113.56 106.95 99.79 91.96 83.33 73.74 63.01 50.92 37.21 21.65 4.05 -15.51 -36.22 -54.77 -63.19 -56.92 -43.84 -30.44 -18.86 -9.58 -2.48 2.89 7.13 10.54 13.56 16.52 19.62 23.04 26.95 31.48 36.58 41.87 47.35 53.04 58.85 64.62 70.06 74.73 77.69 77.83 73.66 63.26
89.47 91.27 93.49 96.13 99.17 102.60 106.41 110.58 115.06 119.82 124.78 129.87 135.01 140.05 144.86 149.24 152.99 155.92 157.77 158.04 156.73 153.97 149.92 144.78 138.83 132.78 127.94 123.05 117.97 112.70 107.23 101.41 95.09 88.17 80.55 72.11 62.67 52.07 40.20 26.93 12.23 -3.78 -20.59 -36.84 -49.67 -55.46 -52.82 -44.46 -34.01 -23.72 -14.60 -6.97 -0.56 4.91 9.65 13.90 18.04 22.31 26.84 31.78 37.23 42.84 48.47 54.14 59.84 65.50 70.96 75.95 80.05 82.48 82.41 78.85 70.47
82.77 84.28 86.19 88.49 91.18 94.25 97.68 101.45 105.51 109.81 114.29 118.86 123.43 127.84 131.97 135.67 138.81 141.25 142.84 143.12 141.98 139.52 135.84 131.12 125.66 119.97 115.37 110.72 105.85 100.74 95.40 89.78 83.83 77.34 70.07 61.95 52.88 42.78 31.59 19.32 6.07 -7.83 -21.72 -34.32 -43.68 -48.06 -46.91 -41.40 -33.45 -24.77 -16.38 -8.79 -1.87 4.42 10.15 15.40 20.44 25.61 31.04 36.83 42.92 48.90 54.79 60.63 66.39 72.02 77.40 82.34 86.53 89.42 90.56 89.55 86.03
76.44 77.63 79.21 81.16 83.48 86.16 89.20 92.55 96.19 100.04 104.05 108.08 112.03 115.83 119.34 122.46 125.07 127.08 128.41 128.70 127.70 125.49 122.15 117.96 113.07 107.83 103.52 99.17 94.58 89.75 84.65 79.22 73.36 67.06 60.24 52.67 44.26 34.97 24.81 13.85 2.31 -9.43 -20.73 -30.54 -37.61 -41.01 -40.48 -36.61 -30.49 -23.25 -15.75 -8.47 -1.40 5.36 11.77 17.86 23.69 29.55 35.67 42.14 48.59 54.84 60.94 66.91 72.77 78.45 83.91 89.03 93.63 97.37 100.19 102.24 104.01
70.51 71.38 72.59 74.16 76.10 78.38 81.01 83.96 87.17 90.55 94.01 97.49 100.88 104.11 107.07 109.68 111.83 113.46 114.51 114.80 113.93 111.94 109.01 105.35 101.01 96.31 92.39 88.48 84.27 79.75 74.87 69.62 63.97 57.89 51.37 44.39 36.85 28.58 19.63 10.14 0.33 -9.41 -18.53 -26.23 -31.66 -34.28 -33.97 -31.04 -26.15 -20.06 -13.41 -6.55 0.48 7.47 14.33 21.02 27.55 34.04 40.74 47.63 54.29 60.72 66.96 73.04 78.98 84.76 90.36 95.74 100.80 105.35 109.53 113.67 118.33
65.04 65.55 66.39 67.57 69.09 70.96 73.18 75.68 78.39 81.27 84.22 87.19 90.07 92.78 95.25 97.39 99.13 100.42 101.21 101.45 100.70 98.97 96.49 93.36 89.61 85.52 82.04 78.66 74.85 70.62 66.01 61.05 55.73 50.03 43.94 37.46 30.61 23.44 15.81 7.81 -0.33 -8.26 -15.56 -21.59 -25.75 -27.72 -27.42 -25.04 -20.99 -15.77 -9.88 -3.45 3.43 10.51 17.65 24.77 31.84 38.90 46.09 53.24 60.04 66.56 72.88 79.03 85.03 90.89 96.62 102.22 107.59 112.65 117.53 122.38 127.29
60.07 60.22 60.66 61.42 62.51 63.93 65.66 67.65 69.88 72.28 74.77 77.26 79.67 81.92 83.94 85.65 87.02 87.99 88.54 88.65 88.07 86.72 84.75 82.19 79.04 75.56 72.42 69.41 66.01 62.23 58.05 53.50 48.62 43.40 37.86 32.00 25.85 19.49 13.05 6.52 -0.06 -6.39 -12.14 -16.78 -19.90 -21.28 -20.86 -18.77 -15.26 -10.69 -5.40 0.61 7.22 14.25 21.54 28.96 36.44 43.98 51.56 58.82 65.74 72.36 78.70 84.86 90.88 96.77 102.56 108.27 113.76 118.98 123.94 128.63 132.83
55.66 55.43 55.46 55.77 56.36 57.23 58.42 59.92 61.70 63.68 65.74 67.80 69.78 71.59 73.19 74.52 75.53 76.22 76.58 76.60 76.25 75.33 73.85 71.84 69.23 66.15 63.29 60.68 57.75 54.48 50.87 46.91 42.58 37.95 33.04 27.87 22.49 16.97 11.43 6.02 0.88 -4.02 -8.43 -11.91 -14.13 -14.96 -14.35 -12.38 -9.21 -5.08 -0.24 5.42 11.78 18.66 25.94 33.51 41.26 49.18 57.03 64.34 71.31 77.99 84.39 90.54 96.51 102.36 108.13 113.81 119.23 124.31 129.01 133.23 136.69
51.86 51.25 50.85 50.63 50.61 50.88 51.51 52.55 53.93 55.53 57.21 58.88 60.45 61.87 63.07 64.06 64.80 65.29 65.50 65.43 65.29 64.79 63.78 62.17 59.90 57.20 54.66 52.48 50.05 47.36 44.39 41.12 37.53 33.59 29.39 24.97 20.39 15.71 11.04 6.53 2.36 -1.31 -4.54 -7.00 -8.45 -8.77 -7.92 -5.96 -2.98 0.83 5.35 10.73 16.87 23.62 30.84 38.44 46.34 54.48 62.40 69.77 76.72 83.40 89.81 95.98 101.91 107.66 113.31 118.84 124.03 128.79 133.08 136.78 139.72
48.75 47.75 46.84 46.01 45.34 44.94 44.98 45.59 46.65 47.95 49.30 50.60 51.79 52.84 53.73 54.45 54.96 55.24 55.30 55.21 55.19 55.05 54.30 52.96 51.03 48.69 46.56 44.79 42.91 40.85 38.58 36.08 33.30 30.22 26.82 23.20 19.43 15.58 11.74 8.05 4.66 1.75 -0.52 -2.09 -2.84 -2.69 -1.59 0.43 3.30 6.92 11.20 16.37 22.33 28.94 36.09 43.68 51.64 59.87 67.74 75.10 81.97 88.59 94.96 101.09 106.98 112.64 118.13 123.38 128.21 132.57 136.40 139.62 142.30
46.36 44.90 43.47 42.05 40.70 39.53 38.88 39.15 40.03 41.08 42.11 43.06 43.93 44.69 45.30 45.75 46.02 46.11 46.02 45.96 45.96 45.85 45.29 44.20 42.59 40.62 38.91 37.59 36.29 34.91 33.41 31.73 29.83 27.66 25.20 22.46 19.50 16.46 13.42 10.48 7.78 5.46 3.71 2.82 2.69 3.27 4.62 6.74 9.58 13.06 17.18 22.19 28.00 34.49 41.57 49.13 57.11 65.28 73.07 80.37 87.16 93.60 99.85 105.88 111.68 117.24 122.58 127.45 131.78 135.58 138.87 141.58 143.99
44.66 42.77 40.85 38.89 36.90 34.88 33.18 33.41 34.23 35.02 35.74 36.40 36.97 37.43 37.77 37.96 38.01 37.90 37.72 37.58 37.35 37.08 36.62 35.69 34.34 32.69 31.36 30.55 29.88 29.27 28.64 27.90 26.98 25.82 24.37 22.61 20.54 18.30 16.00 13.75 11.65 9.84 8.46 7.84 8.14 9.12 10.72 12.94 15.78 19.18 23.19 28.08 33.77 40.16 47.16 54.69 62.67 70.69 78.33 85.55 92.27 98.53 104.56 110.40 116.01 121.33 126.30 130.66 134.39 137.62 140.27 142.42 144.53
43.53 41.21 38.85 36.45 33.99 31.52 29.38 29.09 29.43 29.82 30.18 30.48 30.72 30.87 30.93 30.83 30.55 30.11 29.61 29.04 28.44 27.85 27.30 26.45 25.28 23.90 22.91 22.66 22.70 22.94 23.28 23.59 23.78 23.77 23.49 22.92 22.02 20.79 19.34 17.79 16.23 14.83 13.74 13.27 13.62 14.85 16.66 19.00 21.85 25.20 29.13 33.93 39.52 45.83 52.77 60.27 68.25 76.12 83.65 90.78 97.47 103.64 109.39 114.84 120.00 124.88 129.35 133.18 136.34 138.80 140.66 142.28 144.02
42.85 40.17 37.45 34.71 31.99 29.42 27.35 26.22 25.76 25.56 25.44 25.32 25.06 24.65 24.10 23.42 22.63 21.66 20.63 19.61 18.67 17.87 17.25 16.66 15.82 14.84 14.23 14.56 15.51 16.72 18.11 19.52 20.85 21.98 22.86 23.42 23.62 23.45 22.93 22.18 21.35 20.54 19.79 19.39 19.64 20.69 22.57 24.95 27.78 31.07 34.94 39.66 45.22 51.55 58.55 66.16 74.19 82.02 89.49 96.54 103.06 108.97 114.32 119.32 124.00 128.37 132.21 135.37 137.79 139.50 140.58 141.66 142.96
42.63 39.64 36.61 33.60 30.66 27.95 25.70 24.06 22.94 22.02 21.11 20.13 19.07 17.92 16.70 15.42 14.03 12.57 11.23 10.03 8.98 8.13 7.50 7.08 6.62 6.07 5.83 6.77 8.89 11.29 13.92 16.58 19.15 21.51 23.59 25.30 26.59 27.41 27.77 27.68 27.32 26.83 26.33 26.10 26.41 27.32 28.90 31.23 33.98 37.19 41.02 45.74 51.33 57.72 64.83 72.57 80.65 88.43 95.73 102.50 108.70 114.32 119.30 123.85 128.05 131.85 134.88 137.17 138.77 139.69 140.12 140.63 141.44
42.69 39.62 36.31 33.03 29.88 26.99 24.46 22.15 20.03 18.03 16.09 14.15 12.22 10.36 8.65 6.98 5.17 3.44 1.89 0.54 -0.59 -1.47 -2.06 -2.37 -2.37 -2.32 -2.07 -0.55 3.25 7.13 11.06 14.97 18.78 22.38 25.66 28.54 30.91 32.73 33.93 34.54 34.60 34.34 33.92 33.61 33.70 34.35 35.71 37.95 40.87 44.16 48.03 52.77 58.36 64.73 71.82 79.56 87.47 94.97 102.00 108.49 114.40 119.69 124.35 128.47 132.19 135.19 137.36 138.74 139.40 139.44 139.20 139.17 139.49
42.96 40.08 36.49 32.90 29.44 25.97 22.55 19.24 16.07 13.01 10.07 7.38 4.94 2.73 0.66 -1.50 -3.71 -5.71 -7.46 -8.96 -10.18 -11.07 -11.51 -11.52 -11.02 -10.12 -8.94 -6.42 -1.41 4.05 9.34 14.60 19.70 24.54 29.05 33.10 36.57 39.37 41.41 42.66 43.16 43.04 42.59 42.08 41.94 42.39 43.56 45.55 48.45 51.93 55.88 60.65 66.25 72.63 79.68 87.19 94.68 101.74 108.36 114.51 120.14 125.14 129.49 133.17 136.22 138.41 139.71 140.17 139.86 138.88 137.86 137.33 137.38
43.31 40.56 36.80 32.63 28.31 23.93 19.54 15.18 10.92 6.99 3.41 0.15 -2.79 -5.45 -8.10 -10.76 -13.28 -15.48 -17.35 -18.84 -19.87 -20.44 -20.52 -20.13 -19.14 -17.39 -14.90 -11.02 -5.29 1.61 8.24 14.95 21.54 27.84 33.67 38.91 43.51 47.30 50.17 52.03 52.90 52.89 52.35 51.74 51.45 51.68 52.59 54.31 56.92 60.42 64.47 69.31 74.91 81.18 87.97 95.21 102.31 108.98 115.20 120.91 126.08 130.70 134.67 137.83 140.17 141.56 142.00 141.55 140.24 138.30 136.51 135.33 135.16
