output.asc
NCOLS          201       
NROWS          201       
XLLCENTER      -100.00   
YLLCENTER      -100.00   
DX             1.00      
DY             1.00      
NODATA_VALUE   -999.00   
[rows 33 to 65 of 201, columns 0 to 72 of 201]
43.38 40.66 36.62 31.49 26.07 20.49 14.88 9.53 4.52 -0.13 -4.41 -8.32 -11.85 -15.23 -18.55 -21.78 -24.67 -27.05 -28.83 -30.04 -30.72 -30.85 -30.43 -29.42 -27.69 -24.99 -21.08 -15.85 -8.94 -0.68 7.59 15.73 23.81 31.64 39.02 45.76 51.64 56.49 60.19 62.62 63.82 64.03 63.51 62.71 62.14 62.07 62.67 64.08 66.38 69.63 73.77 78.67 84.13 90.08 96.56 103.54 110.31 116.64 122.50 127.83 132.59 136.68 140.00 142.50 144.07 144.69 144.32 142.99 140.87 138.17 135.50 133.31 132.93
43.11 39.78 35.03 28.99 22.32 15.72 9.37 3.31 -2.41 -7.78 -12.72 -17.23 -21.44 -25.55 -29.51 -33.24 -36.35 -38.80 -40.59 -41.74 -42.26 -42.13 -41.34 -39.86 -37.58 -34.15 -29.12 -22.27 -13.59 -3.50 7.06 16.85 26.41 35.75 44.68 53.00 60.45 66.70 71.44 74.61 76.26 76.59 75.95 74.81 73.83 73.36 73.59 74.65 76.64 79.60 83.54 88.28 93.58 99.38 105.62 112.18 118.63 124.67 130.23 135.23 139.55 143.09 145.82 147.53 148.13 147.87 146.76 144.82 142.06 138.78 135.46 132.25 131.67
41.16 37.12 31.67 25.06 17.74 10.47 3.52 -3.10 -9.35 -15.20 -20.62 -25.67 -30.58 -35.32 -39.74 -43.68 -46.88 -49.35 -51.11 -52.18 -52.58 -52.33 -51.44 -49.91 -47.56 -43.99 -38.39 -30.17 -19.65 -7.69 5.06 17.18 28.72 39.88 50.47 60.40 69.51 77.46 83.84 88.09 90.10 90.18 89.05 87.31 85.67 84.61 84.35 85.01 86.67 89.22 92.61 97.12 102.34 108.09 114.32 120.86 127.02 132.78 138.24 143.00 146.95 150.01 152.13 153.06 152.74 151.60 149.73 147.15 143.85 140.20 136.70 133.77 132.20
37.50 32.74 26.99 20.49 13.28 5.69 -1.66 -8.71 -15.43 -21.76 -27.69 -33.44 -38.99 -44.15 -48.85 -52.95 -56.22 -58.68 -60.35 -61.27 -61.49 -61.04 -59.97 -58.34 -56.10 -53.02 -47.89 -38.20 -25.75 -12.08 2.22 16.47 29.71 42.67 55.32 67.37 78.55 88.50 96.63 101.93 103.98 103.49 101.57 99.07 96.69 95.03 94.29 94.58 95.76 97.77 100.67 104.79 110.01 115.81 122.14 128.78 135.02 140.75 145.83 150.48 154.34 157.25 158.98 159.32 158.38 156.47 153.83 150.44 146.43 142.41 138.66 135.47 133.13
32.70 27.88 22.50 16.33 9.42 1.83 -5.92 -13.41 -20.59 -27.42 -34.01 -40.38 -46.35 -51.86 -56.85 -61.08 -64.39 -66.78 -68.31 -69.01 -68.94 -68.17 -66.76 -64.81 -62.34 -59.35 -55.65 -43.84 -30.37 -15.93 -0.66 15.14 30.13 44.30 58.23 72.03 85.51 98.21 108.89 115.55 117.18 115.55 112.65 109.50 106.55 104.34 103.20 103.00 103.70 105.33 107.90 111.67 116.79 122.72 129.19 135.98 142.41 148.26 153.35 157.58 161.25 164.03 165.51 165.68 164.52 162.21 158.99 154.89 150.08 145.37 141.12 137.41 134.33
28.42 23.52 18.49 12.67 6.08 -1.25 -9.20 -17.13 -24.80 -32.19 -39.34 -46.17 -52.58 -58.47 -63.74 -68.10 -71.41 -73.70 -75.00 -75.39 -74.93 -73.71 -71.77 -69.19 -65.93 -61.70 -55.34 -45.12 -32.37 -18.28 -3.02 12.94 28.97 44.13 59.16 74.31 89.50 104.57 118.89 128.69 128.56 125.11 121.35 117.79 114.71 112.39 110.87 110.27 110.64 111.97 114.29 117.77 122.67 128.75 135.42 142.44 149.07 155.07 160.31 164.68 168.00 170.36 171.84 171.94 170.60 167.96 164.31 159.77 154.49 149.16 144.09 139.59 135.74
24.89 19.89 14.97 9.53 3.27 -3.76 -11.52 -19.82 -27.95 -35.81 -43.46 -50.80 -57.68 -63.99 -69.56 -74.04 -77.33 -79.45 -80.46 -80.44 -79.49 -77.69 -75.08 -71.70 -67.43 -61.89 -54.42 -44.50 -32.64 -19.60 -5.33 10.01 26.17 42.20 57.90 73.86 90.00 106.28 122.64 136.18 133.74 130.30 126.80 123.63 120.93 118.75 117.17 116.37 116.50 117.63 119.77 123.04 127.74 133.85 140.77 148.05 154.89 161.12 166.61 171.23 174.67 176.91 178.04 178.10 176.60 173.62 169.51 164.47 158.71 152.94 147.36 142.14 137.42
22.15 17.07 12.04 6.92 1.03 -5.70 -13.21 -21.35 -29.75 -38.11 -46.30 -54.20 -61.63 -68.42 -74.32 -78.94 -82.19 -84.08 -84.71 -84.20 -82.67 -80.21 -76.88 -72.68 -67.49 -61.03 -53.10 -43.64 -32.77 -20.82 -7.77 6.60 22.34 38.78 54.77 70.59 86.71 102.57 117.14 127.33 130.45 130.01 128.60 126.91 124.97 123.15 121.79 121.12 121.23 122.24 124.28 127.41 131.96 137.98 145.16 152.68 159.79 166.34 172.20 177.11 180.99 183.61 184.66 184.21 182.50 179.15 174.53 168.88 162.60 156.41 150.50 144.96 139.88
20.20 15.08 9.97 4.87 -0.63 -7.01 -14.15 -21.79 -30.13 -38.99 -47.78 -56.32 -64.39 -71.75 -78.06 -82.86 -86.03 -87.62 -87.77 -86.67 -84.49 -81.35 -77.30 -72.36 -66.52 -59.83 -52.10 -43.22 -33.22 -22.27 -10.31 3.10 17.89 33.90 50.02 65.44 80.52 95.14 108.21 117.96 123.59 126.16 127.14 127.24 126.67 125.63 124.71 124.32 124.66 125.78 127.78 130.84 135.28 141.21 148.48 156.25 163.70 170.65 176.92 182.39 186.88 190.04 191.47 190.84 188.38 184.52 179.37 173.25 166.59 160.07 153.83 147.98 142.62
19.07 13.95 8.82 3.63 -1.67 -7.56 -14.07 -21.25 -29.37 -38.35 -47.78 -57.04 -65.88 -73.97 -80.81 -85.84 -88.90 -90.08 -89.63 -87.85 -84.96 -81.14 -76.44 -71.15 -65.32 -58.80 -51.46 -43.21 -34.06 -23.96 -12.82 -0.50 13.16 27.99 43.67 58.84 72.98 86.32 98.38 108.32 115.52 120.34 123.44 125.21 126.08 126.31 126.20 126.21 126.86 128.25 130.41 133.44 137.74 143.53 150.66 158.70 166.51 173.88 180.73 186.93 192.20 196.12 198.12 197.76 194.93 190.20 184.50 177.85 170.72 163.82 157.25 151.24 146.14
18.77 13.72 8.61 3.39 -1.87 -7.10 -12.92 -19.69 -27.54 -36.40 -46.11 -56.19 -65.96 -74.98 -82.57 -87.93 -90.82 -91.42 -90.20 -87.62 -84.00 -79.62 -74.84 -69.66 -64.04 -57.88 -51.06 -43.53 -35.15 -25.74 -15.38 -4.14 8.28 21.79 36.22 51.01 64.95 77.53 88.93 98.87 107.20 113.74 118.46 121.77 124.03 125.51 126.43 127.10 128.02 129.64 132.03 135.21 139.38 144.91 151.83 159.97 168.06 175.83 183.29 190.26 196.48 201.48 204.64 205.11 202.39 196.79 189.81 182.44 174.78 167.49 160.77 154.91 150.04
19.31 14.38 9.36 4.27 -0.69 -5.57 -10.70 -17.00 -24.53 -33.21 -42.93 -53.50 -64.35 -74.61 -83.30 -89.19 -91.75 -91.47 -89.25 -85.79 -81.71 -77.35 -72.74 -67.84 -62.60 -56.95 -50.80 -44.00 -36.24 -27.56 -18.02 -7.74 3.42 15.70 29.00 43.03 56.78 69.37 80.46 90.40 99.17 106.60 112.55 117.10 120.55 123.15 125.08 126.63 128.03 129.85 132.44 135.84 140.03 145.28 151.96 160.05 168.37 176.58 184.60 192.32 199.68 206.28 211.15 212.78 209.95 203.49 195.14 186.57 178.29 170.71 164.05 158.30 153.72
20.68 15.95 11.16 6.50 1.94 -2.61 -7.40 -13.13 -20.21 -28.61 -38.25 -48.99 -60.59 -72.40 -82.83 -89.67 -91.50 -89.80 -86.38 -82.45 -78.39 -74.26 -70.01 -65.57 -60.91 -55.94 -50.53 -44.33 -37.25 -29.34 -20.58 -11.07 -0.81 10.45 22.68 35.63 48.97 61.54 72.83 82.73 91.53 99.13 105.71 111.30 115.79 119.40 122.30 124.70 126.85 129.02 131.71 135.28 139.50 144.62 151.02 158.82 167.39 175.94 184.50 193.17 201.80 210.10 217.37 221.12 217.28 208.98 199.32 189.28 180.25 172.84 166.48 161.13 157.01
22.88 18.45 14.18 10.08 6.02 1.90 -2.70 -7.99 -14.48 -22.43 -31.79 -42.49 -54.42 -67.33 -80.32 -89.41 -89.20 -85.47 -81.43 -77.54 -73.81 -70.16 -66.51 -62.76 -58.86 -54.72 -49.96 -44.39 -37.95 -30.67 -22.60 -13.71 -4.09 6.21 17.41 29.30 41.62 54.01 65.39 75.53 84.17 91.77 98.51 104.58 109.97 114.48 118.25 121.44 124.31 127.10 130.04 133.50 137.74 142.79 148.90 156.42 165.08 174.06 183.27 192.64 202.10 211.51 220.71 229.56 221.56 211.38 200.82 190.43 181.00 173.57 167.72 163.04 159.61
25.86 22.01 18.43 14.98 11.55 7.94 3.67 -1.38 -7.28 -14.55 -23.35 -33.62 -45.27 -58.20 -72.09 -84.54 -81.36 -77.40 -73.86 -70.67 -67.73 -64.93 -62.17 -59.34 -56.39 -52.99 -48.80 -43.80 -37.98 -31.35 -23.83 -15.51 -6.50 3.01 13.08 23.84 35.11 46.71 58.19 68.41 77.17 84.61 91.35 97.52 103.26 108.54 113.09 117.02 120.54 123.89 127.35 130.81 134.78 139.63 145.55 152.95 161.84 171.26 180.87 190.57 200.18 209.33 217.37 221.68 217.81 209.23 199.57 190.02 180.91 173.38 167.86 163.97 161.00
29.71 26.64 23.84 21.17 18.50 15.48 11.70 7.07 1.52 -4.99 -12.92 -22.31 -32.97 -44.51 -55.82 -63.84 -65.96 -65.06 -63.45 -61.76 -60.13 -58.55 -56.95 -55.25 -53.17 -50.36 -46.79 -42.43 -37.25 -31.16 -24.20 -16.52 -8.26 0.48 9.60 19.29 29.55 40.23 51.09 61.32 70.24 77.89 84.42 90.45 96.20 101.74 106.94 111.54 115.64 119.51 123.35 127.08 130.84 135.22 141.17 148.83 157.91 167.61 177.37 186.93 196.05 204.20 210.28 212.70 210.20 203.98 196.26 188.09 179.99 172.77 167.40 163.78 160.73
34.45 32.25 30.34 28.59 26.80 24.49 21.36 17.30 12.27 6.25 -0.71 -8.92 -18.16 -27.86 -36.94 -44.01 -48.07 -49.92 -50.78 -51.10 -51.17 -51.10 -50.80 -50.17 -48.86 -46.77 -43.91 -40.23 -35.61 -30.11 -23.88 -16.96 -9.46 -1.45 6.95 15.69 24.99 34.78 44.60 54.26 63.29 71.15 77.93 83.79 89.21 94.57 99.96 105.11 109.75 114.05 118.12 122.00 125.83 130.28 136.21 144.06 153.36 163.11 172.69 181.90 190.36 197.32 202.04 203.67 201.92 197.61 191.74 185.12 178.24 171.86 166.43 162.41 159.21
39.96 38.72 37.84 37.13 36.34 34.89 32.56 29.24 24.85 19.42 13.07 6.00 -1.84 -10.07 -18.26 -25.23 -30.47 -34.16 -36.91 -39.21 -41.12 -42.54 -43.56 -43.98 -43.53 -42.27 -40.16 -37.09 -33.18 -28.47 -23.01 -16.85 -10.07 -2.76 4.99 13.07 21.48 30.28 39.06 47.76 56.34 64.35 71.34 77.43 82.77 87.70 92.71 97.91 102.99 107.57 111.66 115.63 119.94 125.00 130.95 138.58 147.82 157.61 167.02 175.78 183.45 189.51 193.41 194.76 193.91 191.03 186.74 181.59 175.93 170.24 164.80 160.22 156.60
46.11 45.94 46.20 46.68 47.01 46.60 45.23 42.76 39.11 34.32 28.54 22.05 15.15 7.50 -0.40 -7.64 -13.82 -18.94 -23.25 -26.90 -30.10 -32.99 -35.34 -36.78 -37.30 -36.89 -35.52 -33.28 -30.20 -26.29 -21.60 -16.18 -10.10 -3.44 3.71 11.24 19.03 26.78 34.56 42.32 50.02 57.65 64.82 71.12 76.68 81.61 86.11 90.70 95.49 99.87 103.77 108.01 112.88 118.47 124.74 131.77 140.65 150.47 159.68 167.91 175.01 180.53 184.08 185.92 186.04 184.47 181.62 177.82 173.07 167.79 162.57 157.32 152.58
52.73 53.72 55.26 57.10 58.69 59.49 59.24 57.74 54.89 50.73 45.42 39.25 32.11 24.36 16.36 8.64 1.57 -4.72 -10.17 -14.91 -19.14 -23.00 -26.26 -28.74 -30.25 -30.73 -30.28 -28.93 -26.70 -23.60 -19.67 -14.96 -9.53 -3.47 3.14 10.22 17.50 24.53 31.41 38.30 45.14 51.90 58.53 64.77 70.20 74.98 79.24 83.13 87.01 90.96 94.90 99.31 104.52 110.38 116.88 124.05 132.19 141.73 150.78 158.63 165.28 170.41 174.12 176.60 177.66 177.30 175.78 173.19 169.17 164.40 159.09 153.14 147.19
59.63 61.89 64.84 68.19 71.24 73.45 74.49 74.07 72.04 68.43 63.43 56.93 49.12 40.57 31.82 23.45 15.55 8.42 2.07 -3.62 -8.77 -13.40 -17.21 -20.26 -22.54 -23.99 -24.48 -24.02 -22.62 -20.31 -17.12 -13.09 -8.24 -2.66 3.56 10.30 17.06 23.59 29.79 35.71 41.46 47.02 52.42 57.73 62.84 67.26 71.12 74.62 77.96 81.47 85.53 90.10 95.40 101.43 108.12 115.48 123.20 131.81 140.70 148.39 154.71 159.79 163.98 167.11 169.02 169.62 169.15 167.16 163.48 158.72 153.20 146.96 140.20
66.60 70.19 74.69 79.73 84.47 88.34 90.87 91.65 90.45 87.28 82.05 74.74 65.95 56.27 46.27 36.73 28.13 20.30 13.20 6.77 0.88 -4.26 -8.59 -12.20 -15.00 -16.99 -18.14 -18.48 -17.90 -16.34 -13.77 -10.26 -5.87 -0.66 5.24 11.62 17.89 23.77 29.17 34.01 38.49 42.77 46.88 50.88 54.85 58.82 62.38 65.63 68.97 72.60 76.70 81.39 86.80 93.03 100.01 107.40 115.06 122.94 131.26 138.82 144.93 150.24 154.77 158.34 160.76 161.89 161.53 159.46 155.78 150.86 145.11 138.60 131.37
73.35 78.34 84.54 91.46 98.18 104.00 108.28 110.42 110.05 106.97 100.91 92.44 82.30 71.22 59.90 49.15 39.40 30.77 23.08 16.07 9.70 4.17 -0.68 -4.77 -8.09 -10.57 -12.18 -12.88 -12.65 -11.51 -9.46 -6.41 -2.40 2.50 8.13 13.90 19.40 24.51 29.11 33.15 36.69 39.86 42.83 45.64 48.35 51.09 54.00 57.17 60.43 63.87 67.95 73.11 78.93 85.41 92.54 100.01 107.76 115.57 123.30 130.62 137.09 142.78 147.65 151.40 153.85 154.81 154.01 151.49 147.41 141.95 135.69 128.81 121.25
79.59 86.00 94.02 103.05 112.06 120.22 126.61 130.35 130.75 127.13 119.82 109.77 97.94 85.33 72.71 60.68 49.73 39.98 31.45 24.00 17.42 11.55 6.36 1.82 -1.99 -4.90 -6.82 -7.70 -7.63 -6.60 -4.64 -1.74 2.05 6.50 11.52 16.58 21.43 26.03 30.24 33.90 36.91 39.25 41.08 42.63 44.00 45.29 46.97 49.40 52.19 55.26 59.19 64.42 70.99 78.17 85.70 93.46 101.44 109.51 117.19 124.13 131.07 137.08 142.03 145.79 148.19 148.70 147.42 144.40 139.73 133.52 126.32 118.50 110.27
84.94 92.77 102.73 114.10 125.73 136.66 145.68 151.39 152.28 147.69 138.58 126.40 112.60 98.34 84.29 70.95 58.83 48.06 38.65 30.50 23.63 17.77 12.36 7.40 3.21 0.04 -2.04 -3.03 -3.00 -2.02 -0.09 2.58 5.99 10.15 14.91 19.90 24.82 29.40 33.40 36.70 39.20 40.88 41.77 42.03 41.96 41.90 42.36 43.26 44.58 46.88 50.44 55.54 62.44 70.31 78.68 87.33 95.99 104.46 112.41 119.37 126.38 132.80 137.82 141.61 143.64 143.67 141.87 138.27 132.90 125.89 117.73 109.20 100.44
88.87 98.07 110.14 124.06 138.62 152.77 165.12 173.42 174.73 168.49 156.63 141.74 125.74 109.67 94.14 79.55 66.34 54.67 44.47 35.74 28.68 22.82 17.21 11.85 7.38 4.09 2.00 1.06 1.17 2.12 3.65 5.86 8.94 13.23 18.35 23.78 29.12 33.97 38.06 41.21 43.34 44.44 44.56 43.79 42.37 41.10 40.04 39.17 38.66 39.27 41.62 46.12 52.68 61.08 70.43 80.20 89.94 99.37 108.28 116.24 123.28 129.88 135.11 138.76 140.27 139.78 137.41 133.15 127.01 119.41 110.72 101.60 92.23
90.99 101.41 115.72 132.25 149.74 167.42 184.02 196.06 198.14 188.72 172.82 154.77 136.44 118.64 101.78 86.10 71.95 59.44 48.42 39.29 32.36 27.32 21.19 14.83 10.12 6.99 5.18 4.52 4.61 5.25 6.40 8.44 11.65 16.29 21.98 28.17 34.19 39.50 43.76 46.82 48.60 49.14 48.49 46.78 44.55 41.93 39.21 36.42 33.88 32.47 32.82 35.48 41.20 50.03 60.66 71.93 83.05 93.61 103.92 113.35 121.01 127.88 133.64 137.07 138.13 137.12 134.15 129.35 122.82 114.84 105.61 95.80 85.79
91.11 102.71 119.55 138.35 158.14 178.68 199.33 217.57 222.01 205.66 184.80 163.84 143.65 124.55 106.72 90.26 75.34 61.98 50.25 40.79 33.72 28.57 22.45 16.17 11.55 8.62 7.13 6.57 6.61 7.35 8.81 10.99 14.22 19.16 25.83 33.27 40.30 46.23 50.73 53.68 55.08 55.01 53.55 51.08 47.89 44.04 39.67 34.77 30.00 26.20 24.01 24.36 28.69 37.37 49.32 62.38 75.18 87.20 99.02 109.73 118.52 125.64 131.65 135.07 136.09 135.14 132.28 127.34 120.57 112.22 102.47 91.90 81.25
90.64 103.97 122.83 142.57 163.06 184.35 205.80 226.92 234.24 211.88 189.07 167.14 146.30 126.71 108.45 91.60 76.06 61.98 49.79 40.01 32.38 26.24 20.59 15.50 11.67 9.18 7.69 7.18 7.79 9.29 11.40 13.83 16.75 21.53 29.94 39.28 47.50 54.05 58.74 61.56 62.54 61.77 59.46 56.13 51.83 46.72 40.89 34.23 27.40 21.09 15.76 13.00 15.63 24.75 38.09 52.68 66.87 80.55 93.78 105.60 115.55 123.19 129.07 132.82 134.15 133.42 130.66 125.65 118.74 110.17 100.11 89.02 77.79
98.58 110.07 126.74 145.18 164.37 183.61 201.39 214.97 216.74 203.70 184.59 164.25 144.18 124.94 106.80 89.78 73.82 59.34 47.04 37.06 29.12 22.78 17.60 13.51 10.44 8.33 7.46 7.90 9.43 11.80 14.69 17.77 20.68 23.05 35.79 46.96 56.07 62.99 67.59 69.94 70.19 68.53 65.48 61.23 55.92 49.70 42.65 34.71 26.46 17.91 9.29 2.09 2.02 13.41 28.89 44.91 60.02 74.61 88.62 101.36 112.41 121.05 127.04 130.98 132.60 132.03 129.28 124.13 117.00 108.12 97.68 86.20 74.36
106.20 116.43 130.36 146.22 162.71 178.20 191.00 198.75 198.40 189.15 174.04 156.27 137.74 119.41 101.73 84.80 68.89 54.42 42.24 32.32 24.44 18.34 13.76 10.24 7.67 6.56 6.93 8.66 11.52 15.27 19.63 24.37 29.49 36.09 46.42 57.25 66.27 72.86 76.91 78.51 77.85 75.32 71.40 66.23 59.99 52.95 45.09 36.35 27.14 17.28 6.85 -4.01 -9.47 7.24 23.91 40.35 56.07 71.31 85.85 99.05 110.55 119.60 125.64 129.61 131.50 131.04 128.22 122.85 115.41 106.12 95.29 83.31 70.40
112.14 121.12 132.72 145.77 158.92 170.36 178.78 182.82 181.02 173.10 160.41 144.84 127.96 110.78 93.72 77.28 61.71 47.59 35.74 26.12 18.56 12.85 8.49 5.38 3.96 4.22 6.09 9.41 13.99 19.59 25.99 33.10 41.05 50.00 60.09 70.07 78.39 84.18 87.21 87.64 85.80 82.27 77.34 71.27 64.31 56.65 48.25 39.16 29.62 19.80 10.12 2.08 1.06 10.80 24.87 40.07 55.80 71.24 86.03 99.47 111.12 120.04 125.92 129.57 131.31 130.67 127.57 121.87 114.02 104.10 92.34 79.13 64.74
116.66 124.31 133.80 144.21 153.98 161.74 166.70 167.96 164.77 157.07 145.61 131.56 116.06 99.87 83.64 67.85 52.83 39.34 27.94 18.69 11.51 5.93 1.91 -0.16 -0.29 1.44 4.96 10.11 16.69 24.47 33.22 42.84 53.13 63.73 74.44 84.37 92.27 97.16 98.88 97.90 94.77 90.08 84.17 77.31 69.71 61.55 52.84 43.63 34.30 25.30 17.42 12.33 12.63 19.28 30.30 43.63 58.62 73.90 88.78 102.41 114.01 122.75 128.52 131.86 133.33 132.45 128.79 122.26 113.08 101.64 88.42 73.70 57.72
