output.asc
NCOLS          201       
NROWS          201       
XLLCENTER      -100.00   
YLLCENTER      -100.00   
DX             1.00      
DY             1.00      
NODATA_VALUE   -999.00   
[rows 132 to 164 of 201, columns 73 to 145 of 201]
38.80 28.10 18.54 10.58 3.82 -1.81 -6.14 -9.18 -10.99 -11.48 -10.93 -9.38 -6.28 -1.23 5.58 13.71 22.72 31.98 40.93 48.94 55.42 60.11 63.19 64.35 63.47 60.64 56.01 49.66 41.98 33.11 22.96 11.41 -1.62 -16.23 -32.41 -49.60 -64.83 -69.54 -61.31 -48.97 -36.27 -24.15 -12.94 -2.51 7.17 15.97 23.89 31.32 39.61 48.90 58.42 66.61 73.46 79.03 83.18 85.94 87.31 87.32 86.07 84.22 82.22 80.52 79.88 80.77 82.12 82.42 82.55 83.76 86.08 89.53 93.89 98.83 104.20
40.33 29.69 20.46 12.23 4.79 -1.70 -7.05 -11.28 -14.51 -17.06 -18.80 -18.85 -16.82 -12.82 -7.13 -0.05 7.91 16.34 24.85 32.82 39.74 45.58 50.04 52.67 53.50 52.59 50.01 45.96 40.84 34.65 27.30 18.75 8.81 -2.57 -15.07 -27.53 -37.37 -41.13 -37.76 -30.06 -20.71 -11.07 -1.73 7.19 15.70 23.59 30.76 37.30 43.91 51.72 60.28 68.50 75.69 81.73 86.29 89.30 90.79 90.79 89.60 87.94 86.08 84.72 85.14 87.44 89.49 90.23 90.86 92.34 94.99 98.81 103.52 108.84 114.61
42.08 31.65 22.14 13.16 4.86 -2.61 -9.08 -14.86 -20.32 -24.78 -27.68 -28.70 -27.73 -24.83 -20.23 -14.27 -7.22 0.65 8.98 17.13 24.85 31.89 37.50 41.57 44.07 45.04 44.53 42.99 40.60 37.35 33.13 27.84 21.36 13.69 5.17 -3.19 -9.80 -12.96 -12.01 -7.76 -1.67 5.12 12.10 19.05 25.86 32.37 38.52 44.34 50.20 57.01 64.60 72.55 79.53 85.29 89.63 92.46 93.79 93.65 92.58 91.09 89.39 88.80 90.24 92.80 94.68 96.61 98.61 100.97 104.11 108.40 113.54 119.27 125.54
44.04 33.54 23.40 13.62 4.35 -4.26 -12.45 -20.41 -27.35 -32.93 -36.82 -38.80 -38.89 -37.16 -33.81 -28.93 -22.62 -15.08 -6.69 2.05 10.87 18.81 25.59 31.06 35.16 37.93 39.62 40.55 40.80 40.44 39.50 37.80 35.17 31.46 26.88 22.04 17.86 15.21 14.75 16.38 19.38 23.24 27.63 32.35 37.17 42.33 47.95 53.58 59.01 64.03 69.82 76.37 82.91 88.33 92.39 95.00 96.15 95.90 94.98 93.66 92.36 92.81 95.12 97.51 99.55 102.18 105.48 109.33 113.57 118.39 123.92 129.97 136.46
46.38 35.33 24.43 13.78 3.46 -6.92 -17.02 -26.22 -34.34 -41.09 -45.99 -49.03 -50.27 -49.86 -47.77 -43.90 -38.20 -30.79 -21.94 -12.14 -2.52 6.41 14.33 21.06 26.54 30.86 34.52 37.68 40.51 43.16 45.65 47.81 49.31 49.92 49.49 48.00 45.77 43.41 41.69 40.88 41.01 42.01 43.78 46.69 50.34 54.30 58.52 62.98 67.43 71.28 75.18 80.06 85.71 90.73 94.51 96.86 97.81 97.55 96.79 95.65 95.29 96.92 99.80 102.12 104.79 108.13 112.12 116.96 122.58 128.52 134.35 140.49 147.13
48.77 37.10 25.54 13.96 1.95 -9.99 -21.11 -31.47 -40.86 -48.76 -54.89 -59.15 -61.77 -62.76 -61.95 -59.08 -53.92 -46.26 -36.44 -25.91 -15.45 -5.62 3.24 10.97 17.53 23.34 28.72 33.89 39.17 44.81 50.87 57.28 63.59 69.13 73.06 74.72 74.01 71.52 68.19 64.92 62.28 61.11 61.28 62.25 63.88 66.11 68.85 72.04 75.18 78.01 80.45 83.65 87.85 92.41 95.87 97.97 98.70 98.57 97.98 97.61 98.60 101.45 104.35 107.03 110.39 114.43 119.11 124.52 130.72 137.64 144.33 150.72 157.31
51.36 38.99 26.52 13.56 0.43 -12.27 -24.43 -36.09 -46.81 -56.08 -63.54 -69.22 -73.25 -75.72 -76.44 -74.91 -70.12 -61.71 -51.15 -39.68 -28.27 -17.54 -7.85 0.68 8.27 15.33 22.11 29.01 36.51 45.07 54.90 65.90 77.51 88.58 97.34 102.20 102.59 99.22 93.77 88.28 83.83 80.41 78.15 76.91 76.63 77.21 78.54 80.40 82.21 83.87 85.33 86.92 89.58 93.26 96.40 98.24 98.86 99.03 99.09 100.08 102.47 105.98 108.88 112.25 116.32 120.99 126.12 131.94 138.51 145.59 153.08 160.45 166.60
54.02 41.32 27.61 13.59 -0.11 -13.52 -26.73 -39.71 -51.93 -62.77 -71.77 -78.80 -84.04 -87.91 -90.41 -90.43 -86.25 -77.36 -65.46 -52.63 -40.18 -28.66 -18.32 -9.12 -0.68 7.23 15.00 23.21 32.49 43.51 56.77 72.40 89.88 107.52 122.25 130.71 131.45 126.24 118.77 110.82 103.61 97.73 93.22 90.02 88.04 87.15 87.22 87.74 88.32 88.88 89.34 89.68 90.84 93.21 96.01 97.67 98.61 99.32 100.69 103.11 106.81 110.32 113.66 117.73 122.34 127.43 132.92 139.04 145.92 153.12 160.74 168.50 174.80
56.91 43.49 29.35 15.14 0.86 -13.38 -27.60 -41.93 -55.83 -68.59 -79.25 -87.18 -93.03 -97.79 -101.68 -104.17 -102.35 -92.14 -77.89 -63.52 -50.16 -38.12 -27.43 -17.70 -8.76 -0.37 7.88 16.67 26.81 39.31 55.20 75.13 98.92 124.62 147.53 160.45 160.59 152.34 141.05 129.92 120.18 112.15 105.79 101.01 97.64 95.54 94.48 93.81 93.30 92.86 92.41 91.90 91.55 92.50 94.80 96.63 98.08 99.94 102.80 106.70 111.01 114.61 118.58 123.12 128.13 133.56 139.36 145.75 152.88 160.27 167.91 174.93 181.16
59.54 46.23 32.33 18.13 3.63 -11.24 -26.55 -42.08 -57.82 -73.15 -85.73 -93.59 -98.73 -103.12 -107.81 -113.41 -118.37 -102.85 -86.31 -71.21 -57.60 -45.46 -34.46 -24.48 -15.41 -7.08 0.97 9.35 19.08 31.60 48.62 71.71 101.45 136.46 171.66 192.57 187.87 173.16 157.70 143.95 132.38 122.87 115.27 109.40 105.06 102.07 100.05 98.39 96.95 95.66 94.41 93.16 91.85 91.60 93.02 95.20 97.63 101.03 105.44 110.54 114.98 118.85 123.25 128.16 133.52 139.28 145.39 152.07 159.39 167.04 174.26 180.51 185.96
62.91 50.26 36.86 22.82 8.21 -6.91 -22.69 -39.21 -56.60 -74.88 -90.96 -95.86 -98.90 -102.54 -107.01 -111.65 -112.59 -102.50 -88.38 -74.56 -61.82 -50.07 -39.25 -29.40 -20.55 -12.62 -5.43 1.52 9.31 19.81 35.63 59.66 93.34 136.09 186.11 224.55 203.16 183.15 165.89 151.39 139.29 129.32 121.25 114.88 110.03 106.52 103.75 101.34 99.17 97.16 95.24 93.47 91.91 90.68 91.15 93.77 97.65 102.61 108.52 114.09 118.41 122.66 127.45 132.75 138.48 144.59 151.01 157.98 165.48 173.15 179.79 185.32 190.00
67.66 55.87 43.15 29.46 15.13 0.25 -15.45 -32.16 -49.99 -68.29 -83.84 -88.98 -92.27 -95.93 -99.65 -102.22 -101.32 -95.02 -85.07 -73.98 -62.83 -52.06 -41.89 -32.51 -24.08 -16.78 -10.82 -6.11 -1.75 4.31 15.72 37.43 72.43 117.48 165.00 195.45 191.61 178.05 164.11 151.55 140.61 131.32 123.61 117.36 112.47 108.73 105.50 102.57 99.87 97.31 95.04 93.07 91.34 89.61 89.64 93.08 98.38 104.76 111.25 116.85 121.27 125.95 131.17 136.87 142.99 149.46 156.21 163.42 171.14 178.43 184.51 189.41 193.33
73.61 62.82 50.98 38.07 24.50 10.26 -4.88 -20.94 -37.40 -53.17 -65.98 -74.28 -79.87 -84.43 -88.08 -90.09 -89.47 -85.55 -78.89 -70.50 -61.28 -51.90 -42.70 -33.95 -25.94 -19.14 -14.34 -12.25 -12.42 -12.99 -10.09 5.68 41.25 86.01 127.63 155.21 164.12 161.31 153.87 145.23 136.82 129.18 122.53 116.95 112.43 108.74 105.32 102.09 99.04 96.32 93.96 91.90 90.06 88.46 88.95 93.05 99.78 106.98 113.45 118.91 123.58 128.69 134.36 140.50 147.03 153.88 160.99 168.44 176.15 182.91 188.48 192.81 195.99
80.40 70.90 60.28 48.64 36.14 22.97 8.95 -5.74 -20.53 -34.73 -47.06 -56.68 -64.04 -69.81 -74.13 -76.78 -77.30 -75.44 -71.24 -65.22 -58.03 -50.23 -42.20 -34.20 -26.48 -19.64 -15.17 -15.32 -20.15 -27.56 -35.14 -34.60 8.52 54.21 92.86 120.22 134.93 139.72 138.46 134.27 129.00 123.55 118.43 113.89 110.05 106.61 103.20 99.87 96.85 94.18 91.81 89.71 87.96 87.64 89.03 93.85 101.41 108.67 115.19 120.60 125.63 131.12 137.14 143.65 150.59 157.85 165.29 173.02 180.39 186.65 191.76 195.55 198.04
87.84 79.91 71.01 61.13 50.30 38.58 25.88 12.32 -1.62 -15.17 -27.47 -37.98 -46.61 -53.62 -59.08 -63.00 -65.09 -65.01 -62.89 -59.08 -53.95 -47.88 -41.21 -34.14 -26.74 -19.32 -13.20 -14.60 -23.78 -33.81 -42.82 -40.76 -7.91 31.17 65.32 91.35 108.35 117.41 120.68 120.34 118.13 115.03 111.66 108.39 105.41 102.36 99.15 96.12 93.35 90.84 88.59 86.71 86.11 87.33 90.07 95.33 102.60 109.95 116.56 122.12 127.54 133.42 139.81 146.67 153.92 161.49 169.15 176.98 183.92 189.74 194.37 197.65 199.51
95.87 90.15 83.58 75.96 67.06 56.57 44.64 31.67 18.22 4.91 -7.61 -18.88 -28.66 -36.88 -43.79 -49.26 -52.93 -54.67 -54.58 -52.86 -49.76 -45.52 -40.43 -34.59 -28.05 -20.93 -13.54 -15.24 -25.48 -34.07 -38.22 -31.82 -10.92 17.41 45.16 68.33 85.36 96.37 102.45 104.97 105.30 104.33 102.67 100.74 98.74 96.30 93.74 91.22 88.81 86.55 84.70 83.96 84.95 87.81 91.90 96.71 103.47 110.97 117.71 123.62 129.48 135.80 142.60 149.82 157.39 165.22 173.00 180.56 187.03 192.32 196.37 199.08 200.30
105.23 102.11 98.10 92.73 85.32 75.62 64.25 51.68 38.44 25.10 12.19 0.12 -10.81 -20.46 -28.89 -35.85 -41.18 -44.78 -46.68 -46.99 -45.90 -43.59 -40.24 -36.01 -31.17 -26.22 -22.70 -23.73 -29.10 -33.96 -34.54 -27.70 -12.46 8.27 30.13 49.83 65.64 77.14 84.73 89.18 91.47 92.31 92.22 91.57 90.49 88.93 87.12 85.19 83.23 81.66 81.04 81.90 84.59 88.89 93.35 97.86 104.14 111.74 118.67 125.10 131.45 138.25 145.52 153.16 161.10 169.11 177.01 184.11 190.04 194.73 198.13 200.18 200.74
115.78 115.30 113.64 110.20 104.07 95.19 84.24 71.86 58.62 45.03 31.54 18.53 6.35 -4.76 -14.55 -23.06 -30.09 -35.56 -39.44 -41.76 -42.66 -42.29 -40.85 -38.56 -35.80 -33.19 -31.48 -31.91 -34.18 -35.77 -34.14 -27.48 -15.46 0.45 17.78 34.24 48.41 59.66 67.96 73.66 77.36 79.62 80.82 81.27 81.20 80.52 79.42 78.06 77.09 76.91 77.92 80.62 84.86 89.56 94.26 98.75 104.61 112.23 119.51 126.53 133.43 140.76 148.54 156.66 164.99 173.10 180.88 187.55 192.99 197.13 199.92 201.28 201.15
126.18 128.35 129.30 127.89 123.05 114.84 104.14 91.74 78.27 64.20 49.97 36.01 22.69 10.22 -1.12 -11.13 -19.90 -27.21 -33.02 -37.34 -40.25 -41.93 -42.49 -42.14 -41.28 -40.21 -39.39 -39.49 -40.03 -39.59 -36.69 -30.32 -20.32 -7.57 6.46 20.35 32.97 43.67 52.18 58.62 63.27 66.59 68.80 70.31 71.20 71.28 70.90 70.78 71.22 72.57 75.45 79.79 84.54 89.57 94.61 99.34 104.90 112.44 120.24 127.89 135.41 143.32 151.64 160.23 168.80 177.05 184.58 190.89 195.91 199.57 201.81 202.55 201.73
135.34 140.54 144.59 145.48 141.91 134.08 123.28 110.65 96.79 82.19 67.34 52.58 38.09 24.22 11.30 -0.39 -10.78 -19.93 -27.68 -34.03 -39.01 -42.70 -45.15 -46.57 -47.24 -47.17 -47.07 -47.03 -46.65 -45.10 -41.57 -35.51 -26.91 -16.30 -4.55 7.37 18.64 28.67 37.15 44.00 49.31 53.39 56.49 59.03 60.69 61.74 62.72 63.95 65.79 68.95 73.39 78.23 83.36 88.80 94.30 99.49 104.96 112.39 120.82 129.15 137.38 145.85 154.68 163.70 172.45 180.88 188.16 194.17 198.83 202.08 203.83 204.02 202.56
142.33 150.88 158.66 162.62 160.09 151.92 140.66 127.80 113.84 99.05 83.72 68.02 52.31 36.99 22.46 9.00 -3.13 -14.10 -23.78 -32.08 -39.01 -44.60 -48.82 -51.83 -53.53 -54.51 -54.96 -54.92 -54.10 -52.01 -48.23 -42.51 -34.92 -25.80 -15.70 -5.28 4.85 14.24 22.56 29.64 35.46 40.18 44.22 47.71 50.61 53.00 55.21 57.68 61.18 65.66 70.56 75.76 81.32 87.22 93.25 98.98 104.68 112.12 121.24 130.28 139.19 148.25 157.63 166.96 175.95 184.47 191.61 197.39 201.78 204.68 206.03 205.73 203.70
145.88 157.60 169.76 178.76 176.18 166.48 154.98 142.64 129.24 114.62 98.82 82.14 65.08 48.18 31.92 16.66 2.67 -9.93 -21.42 -31.55 -40.30 -47.64 -53.51 -57.75 -60.60 -62.43 -63.35 -63.41 -62.41 -60.05 -56.22 -50.88 -44.08 -36.07 -27.23 -18.00 -8.81 -0.01 8.13 15.40 21.68 27.21 32.52 37.54 41.74 45.22 48.45 52.30 56.68 61.54 66.75 72.36 78.40 84.85 91.47 97.83 103.95 111.59 121.34 131.13 140.79 150.50 160.37 169.99 179.29 187.86 194.94 200.59 204.76 207.39 208.40 207.69 205.19
144.68 158.15 172.98 188.54 184.34 174.79 165.04 154.55 142.53 128.42 112.17 94.41 75.90 57.37 39.39 22.40 6.66 -7.63 -20.64 -32.45 -42.88 -51.84 -59.14 -64.62 -68.55 -71.09 -72.40 -72.55 -71.40 -68.97 -65.26 -60.28 -54.13 -47.01 -39.17 -30.93 -22.57 -14.33 -6.41 1.02 8.20 15.38 22.41 28.90 34.17 38.45 42.57 46.72 51.32 56.36 61.90 67.99 74.60 81.68 88.98 96.04 102.73 110.63 120.99 131.61 142.17 152.59 162.83 172.79 182.45 191.04 198.13 203.75 207.79 210.21 210.94 209.91 207.01
137.75 150.79 164.28 175.20 177.86 174.82 169.77 162.97 153.36 140.12 123.49 104.51 84.41 64.20 44.58 26.00 8.72 -7.12 -21.45 -34.74 -46.69 -57.14 -65.70 -72.44 -77.33 -80.50 -82.04 -82.17 -80.98 -78.56 -75.00 -70.38 -64.82 -58.47 -51.53 -44.19 -36.63 -28.96 -21.04 -12.83 -4.09 4.98 13.88 21.85 27.95 32.43 36.18 40.15 44.74 49.97 55.94 62.61 69.90 77.74 85.81 93.59 100.93 109.22 120.23 131.67 143.22 154.34 165.01 175.34 185.35 194.04 201.20 206.83 210.84 213.13 213.64 212.34 209.20
125.38 136.91 148.36 158.10 164.50 168.02 169.44 168.10 161.96 149.86 132.56 111.98 90.09 68.22 47.13 27.23 8.69 -8.39 -24.01 -38.34 -51.64 -63.37 -73.30 -81.24 -86.97 -90.51 -92.15 -92.26 -90.99 -88.57 -85.18 -80.93 -75.93 -70.32 -64.23 -57.69 -50.63 -43.06 -34.91 -25.86 -15.63 -4.46 6.76 16.27 22.30 25.72 28.53 32.09 36.62 42.20 48.77 56.19 64.33 73.03 81.91 90.46 98.55 107.38 119.09 131.42 143.77 155.60 166.83 177.63 187.97 196.85 204.14 209.85 213.86 216.09 216.45 214.91 211.71
109.32 118.49 127.96 137.28 146.28 155.38 164.27 170.31 168.97 157.74 138.79 115.98 92.14 68.81 46.63 25.83 6.48 -11.46 -28.00 -43.19 -57.54 -70.53 -81.83 -90.96 -97.41 -101.14 -102.65 -102.54 -101.14 -98.75 -95.54 -91.66 -87.16 -82.02 -76.33 -70.14 -63.45 -56.19 -48.13 -38.61 -27.29 -14.12 -0.26 11.21 16.24 17.28 18.68 21.81 26.63 32.91 40.36 48.77 57.91 67.55 77.30 86.71 95.64 105.16 117.63 130.81 143.78 156.34 168.20 179.58 190.33 199.46 206.95 212.78 216.84 219.03 219.27 217.53 214.38
91.77 97.91 104.63 112.36 122.14 135.46 152.60 169.46 175.19 163.26 140.60 114.88 89.39 65.23 42.65 21.63 2.04 -16.22 -33.26 -49.13 -64.08 -78.24 -90.97 -101.49 -108.70 -112.25 -113.17 -112.60 -110.98 -108.52 -105.31 -101.44 -96.98 -92.04 -86.69 -80.98 -74.89 -68.32 -60.75 -51.70 -40.93 -27.43 -10.20 6.47 7.92 4.64 5.03 8.65 14.55 22.07 30.80 40.43 50.68 61.37 72.10 82.46 92.30 102.61 115.87 129.74 143.35 156.55 169.11 181.10 192.35 201.87 209.61 215.62 219.75 221.91 222.00 220.09 216.96
73.77 76.42 79.54 83.99 91.63 105.63 129.84 163.35 181.95 163.07 134.07 106.15 80.48 56.84 34.96 14.57 -4.54 -22.52 -39.51 -55.61 -70.94 -85.95 -100.06 -112.44 -120.61 -122.96 -122.45 -120.95 -118.79 -116.08 -112.79 -108.94 -104.61 -99.92 -95.01 -89.92 -84.65 -79.23 -73.32 -66.62 -58.38 -47.41 -31.32 -6.89 -12.91 -16.56 -13.70 -7.54 0.56 9.95 20.30 31.30 42.79 54.66 66.46 77.83 88.64 99.78 113.70 128.25 142.50 156.31 169.55 182.18 193.95 203.96 212.09 218.32 222.58 224.69 224.56 222.44 219.17
56.33 55.25 53.86 53.00 54.38 62.18 84.89 133.16 181.29 143.54 113.94 88.59 65.72 44.49 24.53 5.68 -12.23 -29.31 -45.68 -61.53 -76.80 -91.64 -106.38 -120.68 -131.30 -129.98 -127.90 -125.75 -123.39 -120.70 -117.53 -113.79 -109.62 -105.27 -100.95 -96.94 -93.35 -89.91 -86.34 -82.41 -78.10 -73.43 -68.48 -63.46 -56.27 -46.54 -36.26 -25.62 -14.51 -2.88 9.19 21.68 34.53 47.64 60.56 72.99 84.77 96.56 111.17 126.39 141.28 155.68 169.50 182.82 195.12 205.64 214.24 220.85 225.30 227.38 226.94 224.46 220.75
39.07 34.91 29.27 22.18 14.18 7.39 10.21 44.54 86.39 90.71 78.91 63.37 46.78 29.92 13.13 -3.34 -19.44 -35.13 -50.43 -65.49 -79.95 -93.77 -107.60 -120.50 -129.08 -129.76 -128.22 -126.34 -124.29 -122.04 -119.27 -115.73 -112.00 -108.54 -105.57 -103.20 -101.44 -99.77 -98.19 -96.96 -96.56 -98.00 -103.42 -116.65 -97.64 -75.16 -58.02 -43.24 -29.34 -15.70 -1.97 11.97 26.17 40.53 54.59 68.06 80.60 93.05 108.35 124.23 139.72 154.68 169.03 183.00 195.81 206.83 215.94 223.06 227.89 230.00 229.12 226.04 221.57
22.83 16.06 6.86 -5.24 -21.01 -41.86 -70.64 -50.87 6.06 33.06 39.44 35.45 26.43 14.82 1.82 -11.83 -25.71 -39.61 -53.50 -67.14 -80.23 -92.50 -104.17 -114.36 -121.12 -123.63 -123.62 -122.71 -121.50 -120.30 -119.02 -115.90 -113.01 -110.72 -109.15 -108.29 -107.81 -107.52 -107.61 -108.39 -110.36 -114.18 -120.17 -124.04 -112.39 -92.84 -74.64 -58.20 -42.78 -27.74 -12.69 2.55 18.01 33.58 48.72 63.01 76.23 89.36 105.34 121.83 137.86 153.31 168.19 182.76 195.96 207.44 217.04 224.70 230.17 232.60 231.11 227.04 221.58
8.52 0.03 -11.17 -25.55 -43.64 -65.38 -85.09 -73.65 -36.10 -7.71 6.50 10.31 7.56 0.81 -8.40 -19.09 -30.57 -42.42 -54.59 -66.53 -77.96 -88.50 -97.96 -106.29 -112.17 -115.39 -116.67 -116.95 -116.76 -116.43 -115.78 -114.10 -112.50 -111.47 -111.05 -111.27 -111.79 -112.59 -113.85 -115.74 -118.46 -121.91 -124.91 -123.87 -115.32 -101.23 -85.51 -69.77 -54.19 -38.53 -22.59 -6.29 10.32 26.98 42.93 57.92 71.82 85.61 102.23 119.26 135.77 151.64 167.04 182.11 195.63 207.35 217.29 225.37 231.57 235.20 232.59 227.14 220.70
-3.40 -12.50 -24.01 -37.96 -53.87 -69.58 -78.76 -72.11 -52.00 -31.35 -17.18 -10.26 -9.15 -12.22 -18.20 -26.13 -35.24 -45.04 -55.33 -65.49 -75.22 -84.09 -91.77 -98.63 -103.83 -107.20 -109.13 -110.21 -110.74 -110.97 -110.93 -110.55 -110.13 -110.10 -110.67 -111.80 -113.14 -114.75 -116.71 -119.05 -121.67 -124.11 -125.12 -122.63 -115.75 -105.15 -92.34 -78.41 -63.61 -47.96 -31.50 -14.35 3.24 20.66 37.31 52.96 67.55 81.96 99.11 116.60 133.50 149.75 165.63 181.08 194.86 206.62 216.59 224.65 230.73 234.14 231.39 225.65 218.81
