output.asc
NCOLS          201       
NROWS          201       
XLLCENTER      -100.00   
YLLCENTER      -100.00   
DX             1.00      
DY             1.00      
NODATA_VALUE   -999.00   
[rows 165 to 197 of 201, columns 0 to 72 of 201]
160.36 158.80 157.04 154.79 151.98 148.55 144.45 139.60 133.92 127.34 119.74 111.02 101.08 89.80 77.11 63.00 47.95 37.43 35.81 34.28 31.59 27.71 22.73 16.81 10.16 3.06 -4.05 -10.53 -15.24 -16.49 -13.92 -9.96 -5.04 1.62 9.42 17.98 27.07 36.56 46.33 56.24 66.01 75.56 84.83 93.76 102.28 110.28 117.43 123.17 126.84 127.92 126.86 124.29 120.62 116.06 110.96 105.57 100.00 94.32 88.60 82.29 74.99 66.88 58.55 50.08 41.80 34.62 28.18 22.06 16.33 10.95 5.65 0.18 -5.80
159.04 157.95 156.16 153.73 150.72 147.06 142.70 137.57 131.60 124.71 116.83 107.85 97.71 86.31 73.61 59.61 44.67 34.35 33.45 32.60 30.65 27.58 23.49 18.53 12.94 7.06 1.17 -4.31 -8.64 -10.63 -9.54 -7.26 -3.98 1.22 7.82 15.44 23.81 32.74 42.11 51.79 61.52 71.10 80.47 89.55 98.29 106.60 114.35 120.98 125.32 125.91 124.07 120.94 116.90 112.07 106.65 100.95 95.09 89.14 83.17 77.00 69.91 62.12 54.12 45.81 37.25 29.39 22.42 15.99 10.00 4.29 -1.37 -7.13 -13.31
157.22 155.94 154.23 152.02 149.25 145.83 141.56 136.37 130.28 123.29 115.37 106.47 96.55 85.62 73.82 61.52 49.88 41.64 37.78 35.62 33.38 30.42 26.55 21.79 16.29 10.35 4.55 -0.56 -4.38 -6.10 -5.28 -3.67 -1.59 2.33 7.77 14.41 21.97 30.27 39.13 48.44 58.01 67.54 76.90 86.03 94.83 103.24 111.23 118.65 124.88 123.70 121.07 117.57 113.29 108.30 102.69 96.75 90.66 84.50 78.32 72.13 65.32 57.93 50.23 42.08 33.62 25.21 17.73 10.91 4.52 -1.50 -7.34 -13.14 -19.23
156.09 154.57 152.61 150.14 147.10 143.44 139.08 133.99 128.12 121.41 113.84 105.40 96.12 86.10 75.58 65.10 55.55 48.10 43.07 39.49 36.25 32.72 28.64 23.96 18.82 13.50 8.39 3.93 0.60 -1.08 -0.57 0.58 1.74 4.54 8.92 14.59 21.33 28.94 37.25 46.10 55.37 64.78 74.06 83.11 91.81 100.05 107.71 114.56 119.22 119.55 117.37 113.98 109.71 104.69 99.05 92.96 86.72 80.42 74.11 67.82 61.33 54.43 46.95 38.81 30.30 21.90 14.22 7.26 0.62 -5.65 -11.70 -17.60 -23.61
155.60 153.90 151.75 149.09 145.87 142.02 137.51 132.31 126.38 119.71 112.30 104.19 95.47 86.28 76.93 67.89 59.72 52.96 47.77 43.73 40.18 36.60 32.64 28.16 23.29 18.28 13.49 9.34 6.19 4.39 4.50 5.32 5.78 7.58 10.97 15.74 21.66 28.57 36.29 44.67 53.55 62.74 71.90 80.79 89.27 97.14 104.16 109.95 113.79 114.74 113.30 110.27 106.18 101.26 95.69 89.59 83.28 76.93 70.60 64.31 58.05 51.65 44.35 36.13 27.23 18.81 11.77 5.17 -1.48 -7.94 -14.14 -20.08 -26.00
155.73 153.92 151.66 148.88 145.53 141.58 136.99 131.75 125.86 119.33 112.18 104.49 96.37 88.00 79.66 71.72 64.53 58.38 53.36 49.26 45.68 42.19 38.41 34.12 29.35 24.37 19.60 15.45 12.25 10.25 9.87 10.40 10.36 11.25 13.74 17.63 22.77 28.99 36.13 44.02 52.49 61.38 70.38 79.12 87.35 94.81 101.21 106.21 109.46 110.55 109.46 106.73 102.82 98.04 92.60 86.64 80.36 74.07 67.82 61.65 55.53 49.40 42.40 34.41 25.46 16.80 11.13 4.67 -1.95 -8.45 -14.74 -20.74 -26.59
156.49 154.63 152.31 149.47 146.06 142.05 137.45 132.24 126.45 120.11 113.27 106.01 98.47 90.82 83.31 76.22 69.78 64.16 59.45 55.53 52.17 48.97 45.48 41.30 36.43 31.27 26.34 22.04 18.65 16.37 15.48 15.72 15.36 15.41 17.05 20.12 24.50 30.05 36.60 44.02 52.11 60.69 69.51 78.15 86.20 93.35 99.27 103.66 106.36 107.22 106.19 103.54 99.73 95.07 89.79 84.05 77.96 71.80 65.70 59.60 53.45 47.44 41.06 33.89 26.24 18.93 12.50 5.87 -0.96 -7.60 -13.90 -19.82 -25.59
157.65 155.97 153.69 150.84 147.41 143.39 138.80 133.66 128.01 121.89 115.36 108.52 101.49 94.44 87.58 81.15 75.28 70.11 65.73 62.11 59.12 56.45 53.50 49.42 44.11 38.45 33.16 28.61 25.02 22.51 21.21 21.16 20.62 19.96 20.78 23.07 26.72 31.60 37.59 44.55 52.30 60.63 69.28 77.89 85.92 92.92 98.52 102.42 104.53 104.88 103.56 100.79 96.93 92.32 87.18 81.66 75.83 69.83 63.80 57.76 51.66 45.82 40.09 33.98 27.53 21.03 14.65 8.13 1.24 -5.63 -12.01 -17.88 -23.47
159.08 157.68 155.65 152.94 149.52 145.51 140.95 135.89 130.40 124.50 118.27 111.80 105.21 98.64 92.28 86.32 80.87 76.04 71.93 68.58 65.95 63.93 62.05 58.15 51.76 45.36 39.66 34.86 31.06 28.33 26.73 26.38 25.80 24.67 24.76 26.32 29.26 33.51 38.95 45.47 52.92 61.08 69.68 78.34 86.54 93.62 99.07 102.54 103.96 103.52 101.46 98.25 94.15 89.48 84.45 79.17 73.63 67.83 61.95 56.02 50.06 44.49 39.19 34.06 28.58 22.80 16.81 10.63 4.24 -2.76 -9.26 -15.14 -20.64
160.70 159.65 157.96 155.50 152.25 148.30 143.77 138.81 133.47 127.80 121.85 115.70 109.46 103.26 97.25 91.61 86.44 81.81 77.83 74.56 72.03 70.24 69.17 65.56 58.07 51.34 45.48 40.57 36.64 33.74 31.91 31.22 30.66 29.30 28.68 29.53 31.78 35.39 40.29 46.39 53.58 61.66 70.36 79.25 87.80 95.24 100.75 103.82 104.36 102.78 99.60 95.51 91.03 86.30 81.38 76.31 71.06 65.64 60.06 54.26 48.53 43.29 38.36 33.84 29.21 24.15 18.70 13.03 7.23 0.77 -5.83 -11.78 -17.23
162.42 161.82 160.55 158.36 155.27 151.45 147.09 142.28 137.11 131.66 125.97 120.09 114.12 108.17 102.39 96.93 91.89 87.31 83.29 79.88 77.06 74.71 72.29 68.23 62.26 56.09 50.47 45.64 41.69 38.70 36.69 35.68 35.16 33.80 32.49 32.61 34.15 37.08 41.38 47.03 53.94 61.98 70.90 80.28 89.47 97.61 103.54 106.28 105.64 102.37 97.63 92.38 87.26 82.40 77.60 72.84 68.03 63.13 58.00 52.41 46.96 42.08 37.54 33.33 29.32 24.98 20.17 15.12 9.95 4.30 -1.89 -7.92 -13.37
164.07 164.03 163.33 161.44 158.36 154.61 150.45 145.95 141.12 135.96 130.52 124.87 119.09 113.30 107.63 102.22 97.17 92.52 88.32 84.60 81.29 78.17 74.79 70.55 65.39 59.93 54.74 50.13 46.26 43.22 41.07 39.84 39.29 38.01 36.19 35.56 36.33 38.51 42.12 47.20 53.76 61.73 70.94 80.99 91.23 100.58 107.47 110.06 107.67 101.83 94.85 88.16 82.33 77.36 72.92 68.69 64.50 60.25 55.61 50.44 45.31 40.81 36.64 32.70 28.92 25.23 21.11 16.77 12.27 7.49 2.00 -3.68 -9.16
165.39 165.93 166.14 164.50 161.17 157.51 153.62 149.50 145.11 140.39 135.34 129.96 124.32 118.58 112.91 107.44 102.29 97.46 93.00 88.90 85.08 81.36 77.44 73.09 68.29 63.32 58.52 54.16 50.40 47.37 45.12 43.69 43.04 41.89 39.83 38.41 38.34 39.66 42.44 46.78 52.80 60.57 69.99 80.78 92.35 103.64 112.51 115.41 110.06 99.87 89.87 81.90 75.84 71.14 67.27 63.83 60.47 56.92 52.86 48.25 43.53 39.43 35.60 31.89 28.31 24.88 21.47 17.85 14.07 10.10 5.44 0.47 -4.70
166.12 166.89 167.41 166.08 163.09 159.83 156.41 152.80 148.93 144.73 140.11 135.04 129.60 123.91 118.18 112.57 107.23 102.17 97.41 92.95 88.70 84.53 80.29 75.84 71.22 66.54 62.04 57.89 54.25 51.23 48.89 47.28 46.43 45.48 43.45 41.23 40.26 40.60 42.35 45.69 50.88 58.15 67.54 78.80 91.53 105.08 117.64 122.68 111.29 93.67 80.79 72.77 67.54 63.82 60.88 58.36 55.96 53.16 49.77 45.79 41.61 37.94 34.40 30.91 27.51 24.21 21.16 18.31 15.25 12.02 8.32 4.03 -0.41
166.20 166.85 166.98 166.02 164.00 161.48 158.70 155.72 152.49 148.89 144.77 140.00 134.66 128.94 123.12 117.40 111.91 106.65 101.63 96.85 92.26 87.77 83.30 78.79 74.24 69.75 65.44 61.46 57.92 54.90 52.49 50.71 49.60 48.82 46.93 44.17 42.24 41.49 42.00 44.01 47.92 54.26 63.18 74.23 86.95 101.20 117.24 132.44 104.50 77.42 65.89 60.69 57.76 55.76 54.12 52.63 51.05 49.05 46.39 43.08 39.45 36.31 33.03 29.75 26.52 23.35 20.48 18.05 15.74 13.23 10.46 6.93 3.19
165.81 166.32 166.36 165.70 164.35 162.54 160.46 158.18 155.68 152.82 149.30 144.81 139.42 133.53 127.53 121.64 116.01 110.61 105.44 100.49 95.70 91.04 86.45 81.89 77.40 73.02 68.84 64.97 61.49 58.48 56.00 54.07 52.72 51.93 50.29 47.40 44.48 42.56 41.67 41.93 43.86 48.68 56.85 66.95 77.91 89.09 99.27 100.43 62.97 47.71 47.22 47.46 47.65 47.66 47.45 46.98 46.13 44.75 42.80 40.16 37.07 34.42 31.50 28.41 25.32 22.29 19.60 17.33 15.47 13.67 11.70 9.08 6.00
165.11 165.56 165.63 165.21 164.33 163.10 161.64 160.04 158.32 156.35 153.67 149.44 143.74 137.50 131.25 125.21 119.45 113.97 108.70 103.64 98.76 94.01 89.38 84.84 80.42 76.15 72.09 68.32 64.90 61.89 59.33 57.26 55.68 54.61 53.36 50.60 46.93 43.90 41.64 40.10 39.35 41.79 49.77 58.34 66.32 72.34 73.20 61.48 34.47 28.59 32.99 36.35 38.76 40.36 41.32 41.68 41.47 40.62 39.14 37.09 34.48 32.23 29.70 26.90 23.93 21.06 18.54 16.39 14.64 13.29 12.01 10.38 7.98
164.21 164.63 164.76 164.53 163.98 163.18 162.20 161.14 160.08 159.02 157.70 153.66 147.13 140.51 134.11 128.00 122.21 116.71 111.42 106.32 101.41 96.64 92.01 87.51 83.16 78.98 75.02 71.32 67.95 64.93 62.31 60.11 58.35 57.01 55.94 53.57 49.74 45.79 42.49 39.79 37.77 38.69 44.50 50.54 55.31 57.34 54.42 44.62 31.65 25.58 26.46 29.22 32.05 34.41 36.02 36.98 37.25 36.81 35.72 34.03 31.70 29.76 27.59 25.11 22.35 19.64 17.27 15.25 13.59 12.31 11.42 10.61 9.07
163.12 163.55 163.72 163.63 163.30 162.76 162.09 161.35 160.61 159.88 158.99 155.18 148.71 142.23 135.96 129.97 124.25 118.83 113.60 108.54 103.66 98.93 94.34 89.91 85.63 81.53 77.65 74.03 70.69 67.67 65.01 62.71 60.79 59.24 58.05 56.31 52.88 48.40 44.44 41.26 39.23 39.35 41.78 44.80 46.85 46.65 43.18 36.50 29.10 24.62 23.90 25.35 27.61 29.87 31.71 32.99 33.55 33.41 32.63 31.19 28.97 27.04 25.15 22.95 20.49 18.05 15.81 13.89 12.30 11.08 10.21 9.72 9.16
161.89 162.33 162.51 162.49 162.27 161.88 161.34 160.69 159.91 158.86 157.07 153.55 148.40 142.64 136.82 131.12 125.62 120.35 115.26 110.32 105.52 100.88 96.37 92.02 87.83 83.83 80.03 76.47 73.17 70.17 67.47 65.11 63.07 61.36 59.97 58.69 55.99 51.71 47.27 43.71 41.27 40.27 40.53 41.21 41.29 39.94 36.72 32.04 27.25 23.98 22.86 23.45 24.92 26.71 28.38 29.69 30.41 30.46 29.88 28.55 26.44 24.35 22.49 20.44 18.28 16.17 14.15 12.31 10.78 9.59 8.73 8.23 8.05
160.51 160.96 161.14 161.13 160.95 160.59 160.06 159.35 158.37 156.97 154.80 151.51 147.15 142.14 136.87 131.58 126.38 121.34 116.46 111.68 107.03 102.50 98.11 93.87 89.79 85.88 82.17 78.68 75.44 72.45 69.75 67.34 65.22 63.41 61.89 60.66 58.83 55.36 50.74 46.72 43.67 41.63 40.39 39.46 38.24 36.24 33.29 29.73 26.28 23.78 22.62 22.63 23.44 24.68 26.05 27.17 27.81 27.94 27.42 26.13 24.06 21.75 19.86 17.78 15.75 13.89 12.15 10.50 9.02 7.84 6.97 6.43 6.19
159.01 159.45 159.61 159.58 159.38 158.99 158.39 157.56 156.40 154.77 152.48 149.38 145.52 141.10 136.36 131.50 126.65 121.88 117.24 112.67 108.20 103.83 99.59 95.47 91.51 87.71 84.10 80.69 77.51 74.56 71.87 69.44 67.28 65.40 63.80 62.47 61.25 58.74 54.71 50.21 46.52 43.60 41.28 39.26 37.17 34.75 31.94 28.96 26.22 24.16 22.94 22.54 22.84 23.57 24.55 25.43 25.88 25.86 25.20 23.88 21.83 19.26 17.27 15.18 13.21 11.40 9.76 8.31 7.00 5.83 4.94 4.34 4.00
157.41 157.83 157.97 157.89 157.62 157.16 156.48 155.52 154.22 152.48 150.17 147.26 143.75 139.78 135.49 131.03 126.53 122.05 117.67 113.34 109.08 104.90 100.82 96.85 93.03 89.35 85.85 82.53 79.42 76.52 73.86 71.44 69.27 67.36 65.70 64.31 63.19 61.67 58.62 54.19 49.90 46.27 43.15 40.35 37.65 34.92 32.14 29.44 27.04 25.09 23.75 23.06 22.94 23.22 23.78 24.36 24.60 24.30 23.38 21.85 19.72 16.94 14.70 12.64 10.70 8.91 7.29 5.84 4.58 3.51 2.62 1.95 1.47
155.73 156.11 156.23 156.09 155.75 155.21 154.43 153.37 151.98 150.18 147.92 145.16 141.93 138.30 134.39 130.30 126.13 121.94 117.81 113.75 109.71 105.73 101.83 98.03 94.35 90.81 87.43 84.22 81.19 78.36 75.75 73.36 71.20 69.28 67.60 66.17 65.01 64.04 62.02 58.50 53.88 49.66 45.93 42.55 39.41 36.42 33.58 30.95 28.57 26.58 25.09 24.12 23.64 23.53 23.70 23.90 23.82 23.20 22.01 20.23 17.87 14.87 12.20 10.14 8.21 6.42 4.79 3.32 2.02 0.91 -0.00 -0.74 -1.38
153.99 154.34 154.43 154.24 153.82 153.19 152.33 151.20 149.75 147.93 145.73 143.11 140.11 136.77 133.18 129.40 125.53 121.63 117.75 113.93 110.13 106.36 102.66 99.04 95.52 92.13 88.87 85.77 82.84 80.10 77.55 75.21 73.08 71.18 69.50 68.06 66.87 65.92 64.85 62.37 58.43 53.78 49.56 45.73 42.23 39.01 36.02 33.24 30.74 28.62 26.94 25.71 24.90 24.43 24.22 23.97 23.46 22.52 21.04 19.00 16.39 13.18 9.98 7.77 5.75 3.93 2.26 0.76 -0.59 -1.76 -2.76 -3.61 -4.36
152.21 152.52 152.58 152.36 151.87 151.17 150.23 149.04 147.56 145.76 143.62 141.13 138.32 135.23 131.90 128.41 124.81 121.17 117.53 113.94 110.38 106.83 103.33 99.90 96.55 93.31 90.19 87.22 84.40 81.75 79.28 77.00 74.93 73.06 71.40 69.97 68.77 67.79 67.05 65.67 62.81 58.55 53.98 49.79 45.99 42.47 39.20 36.21 33.53 31.22 29.31 27.82 26.69 25.87 25.27 24.51 23.51 22.21 20.43 18.12 15.26 11.87 8.25 5.74 3.55 1.56 -0.24 -1.85 -3.26 -4.52 -5.60 -6.59 -7.30
150.42 150.70 150.72 150.48 149.96 149.18 148.19 146.96 145.46 143.68 141.61 139.24 136.60 133.71 130.62 127.37 124.02 120.62 117.21 113.83 110.50 107.17 103.88 100.64 97.47 94.39 91.42 88.58 85.88 83.34 80.96 78.76 76.75 74.93 73.32 71.91 70.71 69.73 68.97 68.33 66.62 63.48 59.09 54.64 50.46 46.60 43.04 39.80 36.89 34.35 32.19 30.42 28.98 27.81 26.73 25.48 23.99 22.24 20.15 17.56 14.46 10.96 7.10 4.07 1.69 -0.49 -2.48 -4.28 -5.88 -7.30 -8.54 -9.56 -10.20
148.64 148.88 148.88 148.62 148.08 147.26 146.22 144.96 143.47 141.72 139.71 137.45 134.96 132.25 129.36 126.33 123.20 120.02 116.82 113.65 110.52 107.42 104.33 101.28 98.29 95.38 92.57 89.87 87.30 84.87 82.60 80.49 78.56 76.81 75.25 73.88 72.71 71.75 70.98 70.41 69.76 67.83 64.47 59.99 55.53 51.33 47.47 43.96 40.79 38.00 35.58 33.53 31.76 30.13 28.57 26.84 24.88 22.67 20.17 17.30 14.04 10.44 6.49 2.77 0.17 -2.21 -4.40 -6.40 -8.21 -9.84 -11.25 -12.29 -12.95
146.89 147.10 147.07 146.79 146.25 145.44 144.36 143.08 141.59 139.88 137.94 135.78 133.41 130.86 128.15 125.32 122.40 119.42 116.42 113.43 110.48 107.59 104.71 101.86 99.05 96.32 93.66 91.11 88.68 86.37 84.21 82.21 80.36 78.69 77.20 75.89 74.77 73.84 73.10 72.55 72.15 71.34 69.12 65.53 61.02 56.62 52.46 48.66 45.22 42.16 39.47 37.10 34.89 32.80 30.77 28.58 26.15 23.49 20.55 17.35 13.99 10.30 6.26 2.04 -1.00 -3.60 -6.01 -8.22 -10.24 -12.06 -13.51 -14.59 -15.28
145.18 145.36 145.32 145.03 144.49 143.70 142.62 141.33 139.85 138.17 136.30 134.23 131.98 129.57 127.03 124.37 121.62 118.83 116.02 113.21 110.44 107.73 105.05 102.39 99.77 97.21 94.72 92.32 90.03 87.85 85.81 83.92 82.17 80.59 79.18 77.94 76.88 76.01 75.30 74.71 74.23 73.84 72.80 70.39 66.68 62.24 57.95 53.87 50.16 46.82 43.83 41.02 38.36 35.81 33.32 30.67 27.79 24.68 21.31 17.84 14.30 10.51 6.40 1.97 -1.82 -4.65 -7.28 -9.72 -11.96 -13.82 -15.31 -16.42 -17.16
143.60 143.68 143.63 143.34 142.82 142.04 141.01 139.72 138.26 136.61 134.80 132.82 130.68 128.40 125.99 123.49 120.91 118.29 115.65 113.01 110.41 107.85 105.36 102.90 100.46 98.07 95.75 93.51 91.36 89.33 87.42 85.64 84.00 82.52 81.20 80.05 79.05 78.18 77.42 76.77 76.22 75.77 75.39 74.19 71.70 68.00 63.68 59.53 55.59 51.94 48.52 45.26 42.14 39.14 36.20 33.10 29.78 26.22 22.53 18.82 15.02 11.08 6.89 2.38 -2.13 -5.36 -8.22 -10.89 -13.20 -15.09 -16.61 -17.77 -18.57
142.23 142.08 142.02 141.74 141.23 140.49 139.50 138.27 136.82 135.21 133.45 131.55 129.51 127.34 125.07 122.71 120.29 117.82 115.34 112.86 110.41 108.01 105.68 103.40 101.15 98.93 96.78 94.69 92.70 90.81 89.03 87.38 85.86 84.49 83.25 82.12 81.10 80.20 79.40 78.71 78.12 77.62 77.21 76.83 75.57 73.11 69.52 65.35 61.32 57.38 53.52 49.81 46.24 42.78 39.40 35.85 32.10 28.17 24.23 20.29 16.24 12.05 7.72 3.15 -1.72 -5.70 -8.83 -11.60 -13.90 -15.84 -17.41 -18.62 -19.47
140.95 140.56 140.51 140.24 139.75 139.04 138.10 136.94 135.54 133.97 132.26 130.43 128.48 126.42 124.27 122.04 119.76 117.44 115.11 112.78 110.47 108.22 106.02 103.91 101.84 99.80 97.81 95.89 94.05 92.31 90.67 89.14 87.70 86.37 85.14 84.01 82.99 82.07 81.25 80.52 79.90 79.36 78.91 78.55 78.21 76.99 74.64 71.17 66.99 62.86 58.75 54.65 50.63 46.73 42.90 38.92 34.76 30.59 26.42 22.24 17.94 13.51 8.95 4.24 -0.70 -5.54 -8.95 -11.72 -14.06 -16.05 -17.68 -18.94 -19.85
